1981
1955
1977
1977
2930
1984
1984
1984
1984
2952
1991
1985
1974
1987
1982
1982
1985
1982
2953
2953
2953
2953
2953
2962
1982
1982
1983
1983
2962
2962
1984
1988
1986
1983
1987
1987
1987
1986
1986
1986
1987
1987
1987
1985
2943
1985
1985
2829
2829
1984
1985
2960
2960
2960
1991
1983
1991
2960
2584
2940
2940
2940
2940
1978
1986
1984
1981
2919
1981
1980
1981
1989
1989
1989
1982
1988
1987
1987
2970
2970
2970
2772
1982
1988
1988
1984
1982
1980
1988
1988
1988
1988
1988
1988
1989
1989
1989
1989
1986
2948
2948
2948
1983
1987
1987
1986
2937
1985
1985
2947
2923
2934
2959
1988
2961
2961
2969
2969
2961
2891
1983
1983
1990
3915
2953
2953
2953
2946
2956
2811
1987
1982
1981
1989
1984
1984
1986
1987
1984
1981
1989
1989
1990
2961
1990
1990
1990
1991
1990
1990
1987
1987
1987
1985
2953
2961
1982
1982
1984
1981
1979
1985
1983
1983
1983
1983
1983
1983
2848
2683
1986
1978
2924
1984
1983
1983
2862
2926
2920
1989
2879
2936
1989
1986
1989
1989
1989
1989
2500
1989
1989
1989
1989
1985
2877
2877
1989
1989
1989
1988
1988
1990
1980
1983
1986
1986
1983
1984
2925
2925
2925
1989
1984
2902
1981
1984
1985
1986
1986
1989
2919
2919
1989
1981
1983
1979
1984
1983
1986
1987
1983
1980
1980
1984
1984
1984
1984
1984
1981
1981
2945
2968
2968
2968
2968
2953
1984
1984
1984
1975
1985
1978
2835
2835
1986
2962
1986
1986
1986
1986
2942
1986
1979
1982
1982
1983
2779
1981
1989
1989
1989
1989
2957
2957
1982
1981
1987
1986
1975
1980
1975
1979
2942
1986
1986
1986
1974
1979
1979
1979
1976
1977
1983
1979
1980
1985
1980
1980
1987
1981
1980
1982
2923
1981
1977
1979
1974
1974
2881
2861
1981
1980
1986
1986
2634
1986
1985
2863
1985
1985
2891
1979
1979
2927
1978
1978
1982
2956
2956
1973
1973
1979
1982
2923
1980
1981
1989
1989
1986
1984
2967
2967
2967
1980
1977
2941
1985
2945
2913
2913
2913
2912
1980
1978
1976
1975
2947
2959
2944
1985
2967
2967
2967
2967
2967
2967
1987
1987
1987
2966
1989
1984
2942
2942
2942
1983
2915
2874
1978
2778
2778
1987
1987
1983
1985
1987
1987
1987
1987
1986
1983
1982
2844
1979
1983
2958
2958
1983
1984
2923
1982
1980
1985
3865
3865
3865
3865
2955
2955
1983
1985
1988
2923
2923
1987
1987
1987
2850
1982
2877
2877
1987
2943
2943
2944
1983
1982
1984
1983
2897
2897
2897
2897
1982
2942
2942
1984
1980
1988
1984
2973
2973
2961
2957
1988
2950
1987
1986
1986
2949
1986
1981
1982
2826
2826
1978
1985
1984
1984
2959
2959
3954
1988
1988
1983
1984
1984
1980
1986
1984
1983
1987
1988
1984
1984
1982
1986
1987
1986
2954
1987
2960
2959
2839
1988
2953
1987
1988
2907
2907
1984
1985
1986
2937
1990
1990
1990
1980
2942
1980
2846
2968
2957
2944
2944
2944
2944
2944
2944
1984
1983
1985
1986
1986
2500
2500
1984
1984
1982
1982
1986
1984
1981
1981
1981
3890
1988
1986
1989
1986
1985
1985
1985
1984
2960
3900
3900
3900
3900
3900
3900
3900
2959
2959
3697
3697
2972
2950
2967
2950
2950
2950
2942
2942
2969
2942
2942
2942
2961
1985
1985
2970
2973
2930
2930
1987
1986
1981
1983
2873
3895
3895
2955
1990
1991
1991
1987
2948
1987
2768
2898
2898
2898
1981
2952
2749
1987
1989
1989
1989
1992
1992
2971
1984
1984
2955
2955
2955
2955
1984
2968
2839
1984
1986
2967
2967
1990
1990
1990
1984
1984
1984
1986
1986
1985
2946
1987
1988
1990
1984
1985
1984
2920
1988
1990
2967
2967
2967
2845
2938
2938
2938
2938
1989
1985
1992
2920
1985
1983
1987
1987
1984
1986
1986
1986
1987
1985
1985
1977
1984
1984
2963
3877
2963
1980
1975
1977
1983
1983
2942
1981
1981
1984
1977
1983
1984
1987
1987
1987
1987
1987
1983
1986
1984
1984
1984
1984
1984
1985
1985
1988
1980
2914
1983
1984
2500
1984
1985
1985
3935
3935
2940
2940
1982
1981
2888
2888
2888
1986
1986
2862
2900
2900
2900
2930
2930
2500
2500
2500
1985
3906
1985
2893
1985
1985
1985
1991
1987
2847
1982
3815
1977
2925
2925
3804
3804
2792
2792
2803
2803
2803
2803
2966
1987
1986
2967
1986
2940
2940
2940
2940
1985
1985
1985
1985
1986
2953
1983
1982
1989
1983
1989
1981
1989
1989
1991
2969
2967
2967
2967
2967
1978
1989
1986
1986
1986
1986
1980
1984
1981
1984
1984
1984
1984
3916
3916
3916
1982
1982
1987
1987
1990
1990
1987
1987
2941
2941
2778
2970
3950
3950
3950
3857
3857
1982
2907
1982
1982
1980
2941
1987
1987
1987
1987
1987
1983
2903
2903
1979
1981
2945
1986
2943
1983
1989
1987
1978
1988
1983
1983
1982
2918
2918
1988
2914
2676
1986
2671
1980
1984
1987
1983
1984
1987
1983
1983
1987
1983
1983
1988
1988
1988
2967
1985
1980
1985
1977
1986
1981
1981
1983
1983
1982
1982
1983
1977
1977
1979
1979
1978
2954
2964
2964
1980
1983
1983
1986
1986
1986
1986
2846
2846
1975
2932
1976
2946
1984
1985
2802
1977
1980
1987
1987
2895
2895
1985
1985
2967
1981
2961
2754
3949
2933
1989
1980
1979
1986
3761
3761
2939
2833
1989
1986
1982
1979
1981
1985
1989
1985
1985
1984
1984
1988
1983
1985
1984
2808
2927
2927
2961
1986
1987
2798
2936
2940
2955
2955
2940
1982
1986
1980
1986
1984
1979
1985
1983
1983
2952
1983
1989
2899
2899
2899
1983
1980
1985
2917
2917
2898
1976
2981
2933
3829
2940
2940
2950
2950
2965
1986
1985
1983
1983
1989
1989
1989
1989
1989
1984
1984
2932
2932
2932
2836
2836
2836
1984
1987
1984
2928
2928
1985
1985
1989
1982
1982
2931
2931
1984
1985
1985
1985
1991
1991
1991
1991
1991
1984
1984
1984
2924
2924
2958
2924
2803
2953
1985
1984
1983
1985
1985
1986
1986
1979
1980
1983
1973
1981
2858
1984
2962
2962
2715
2715
1979
1985
2920
2920
3960
3960
2928
2928
2928
2928
2899
2899
2899
2812
2812
2926
2926
1984
1984
1982
1984
1984
1981
1981
1981
1981
1984
1985
2950
2950
2950
3919
3919
2942
1986
1983
1983
2956
1983
1985
1985
1979
1983
2500
2890
2890
2890
2890
2890
1987
1988
1979
2894
2894
1980
1981
2942
1974
1976
1984
1982
1982
1979
2918
2918
2970
2795
1984
1986
1987
1987
1976
2885
1981
1982
1986
1983
1982
1985
1985
1980
1983
1983
1983
1980
1986
1986
2860
1985
2969
2969
2969
2964
2964
2881
2941
2941
1991
2957
2941
1982
1984
1987
1984
1984
1984
1983
1983
1985
1986
1985
1985
2563
2563
1988
1988
2935
2950
2935
1987
1984
1982
2500
2886
2950
2950
2950
1984
1985
1983
2791
1982
1983
1981
1986
1986
1986
2951
1987
1987
1987
1986
1985
2817
2924
2817
1983
1980
1988
1988
1982
1980
1982
1980
1980
2937
2879
1978
1987
1989
1989
1982
1983
1983
2931
1986
1985
1987
1980
1980
1982
1983
2959
3941
1987
1987
1986
1986
1986
1986
1986
2935
1983
2964
2971
2971
2971
1990
1990
3926
2964
2964
2964
2964
1985
1985
1985
1986
1982
2949
1987
1987
1989
1989
1986
1986
1986
1983
2957
2957
2967
2852
1986
2958
1984
1984
1985
2917
2917
1979
1987
1986
2863
2863
1981
1983
1983
1987
2900
3922
1984
2964
1981
1987
1987
1984
1985
1985
1985
1985
1978
1985
1984
2885
2885
1982
1983
1985
1985
1989
1987
1984
1985
1987
1987
1989
1989
1983
1984
1985
1985
2939
2939
1978
1987
1987
1978
1972
1981
2905
2905
1979
1981
1981
1980
1989
1985
1982
3905
1984
1976
1988
2910
1986
1977
1976
1985
2973
1987
2929
2927
2903
1983
1985
1991
1984
1979
1983
1980
1979
1983
1983
1983
1989
2955
3950
1980
1983
1985
1983
1989
1989
1989
2950
1989
1989
1989
1989
2901
1987
2956
2500
1987
1987
1987
1988
1989
2949
2926
1986
2933
2933
1986
1986
2960
1985
1985
1985
1982
1987
1980
1979
1988
2946
1983
1986
1986
1981
1983
1983
1983
1986
2642
2642
2642
1982
1982
2949
2940
1986
2849
2952
2952
1985
1985
2917
1987
1987
2920
2920
2920
1986
1980
1983
1981
1984
1984
1987
1980
1980
1980
1985
1985
1982
1983
1981
1986
1983
1983
1989
1989
1989
1990
1984
1984
2956
1986
1986
1987
2916
1987
1983
1981
1981
2953
1984
1978
2908
2908
1992
1983
1981
1981
2928
2928
1986
1978
2931
1987
1987
1986
1985
1986
1984
1984
2913
2913
2960
2960
1987
1986
1982
1984
2958
1986
1987
2964
1978
1974
1985
1983
2880
2967
2926
2926
1987
1979
1989
1989
1988
2951
3968
3968
3968
3968
3968
3968
3968
2939
1987
1984
1988
1988
1985
1980
2686
2686
1986
1986
1986
1980
2943
1985
1985
1983
1986
1986
1987
2960
2960
2960
1981
1981
1985
1979
1986
1986
1984
1988
1985
1985
1982
1987
1987
1984
1985
1985
1986
1986
2951
1984
1981
2935
1987
1984
1984
1984
1984
1988
1988
1988
1988
1983
1985
2951
2951
2898
2944
1978
1980
1980
2915
1981
1985
1982
1987
1989
1989
1989
1989
2958
2958
1983
1983
1981
1984
2638
1984
1983
1987
1987
1987
2848
2848
1983
1986
1986
1986
1986
1985
1983
1983
1979
2955
1978
1979
1984
1984
1984
1986
1985
1985
1985
2910
2910
1979
2907
2907
2907
1987
1985
1985
2929
2929
1987
1982
1987
1975
1986
1982
2957
2957
1981
1983
1991
2946
2946
2946
1985
2910
2945
2945
3943
2952
1983
2904
1985
1985
1982
1985
1985
1984
2892
2922
1985
1982
2957
2957
1982
2917
1986
1981
1979
1981
1981
1986
1984
2912
1984
1984
1984
1983
1982
1988
1988
1982
1986
1987
2878
2933
2873
1986
1985
1980
1983
1984
1985
1985
1989
1985
1986
1988
1988
2962
2962
2882
2500
1988
2953
2953
1986
1986
2925
1987
1987
1984
1989
1990
1987
1984
2878
1984
1985
1981
1975
2949
2949
1985
3813
1978
2856
1985
2955
1987
1987
1987
2952
2952
1987
1985
1991
1991
1985
1985
1980
1978
1984
1984
1982
1982
1982
1982
1981
1984
1984
1990
1991
1990
1982
1984
1981
1984
1977
1980
2939
2906
1987
2915
2966
1986
1984
1985
1985
1986
1985
2828
1983
1988
1983
1985
2907
1985
1983
1985
1985
1983
1983
1982
1993
1983
1983
2967
3840
2967
1984
1987
1988
1988
2970
1982
1983
1981
1985
1985
2971
2971
2971
2971
1987
1987
1988
1981
1982
2959
2923
1986
1986
1986
2896
1987
2964
1986
2913
2935
1983
1985
2943
1989
2940
1986
1983
1987
1978
1982
1981
3820
1984
1984
1984
1982
1981
1984
2947
1984
1987
1987
1987
1987
1989
1975
1974
2932
2932
2786
3684
1987
1987
1989
2944
2944
2944
1986
1986
2959
2959
2944
2931
1986
1986
1988
1988
2961
3915
2961
2961
2961
2961
2961
2950
2966
2966
2966
2966
2966
1987
2925
2925
1991
2500
2965
2965
1987
1987
1987
1987
1994
1994
1983
2959
2959
2959
2959
1983
1987
1988
1983
2949
1984
1984
1984
1984
1984
1984
1986
1984
1986
3953
3953
2942
1983
1983
1984
1988
1987
2956
2956
2956
1985
1984
2887
1984
2929
1982
1985
1985
1981
1983
1983
2955
1987
1987
1985
2500
1984
1984
1984
1988
2865
2889
1981
2904
1987
2919
2932
2919
1983
1986
1986
1977
1990
1990
2920
2975
1987
1986
1986
1982
1984
2921
1988
1988
1988
1988
1986
1986
1986
1986
2966
1986
3840
1981
2950
1978
2880
2880
2924
2958
2962
1987
1983
1982
2967
2967
2967
2967
1984
2873
1987
1978
1982
1984
1982
1986
1986
1983
1982
1984
1982
1979
2802
1978
1978
1988
1988
1987
1983
1987
1990
1990
1990
1987
2954
2954
1981
1975
1981
1987
1987
1986
2932
1983
1981
1979
1989
2898
2654
1982
1984
1984
1984
1986
1983
1981
1987
1987
1987
2950
2950
2859
2944
2918
2975
1987
2954
2951
2948
1988
1990
1990
1990
1977
2933
2933
2908
1985
3932
2914
1990
1980
2950
3933
3933
3933
2922
3906
3906
2937
2937
2937
1978
2965
2500
3832
1982
1982
2940
1985
1985
1985
1983
1981
1987
1984
1983
1983
1982
2913
2913
2935
2935
1981
3828
1974
1973
1987
1983
1988
2908
2963
1981
1982
1985
1980
1980
1982
2952
1980
1982
1982
1980
1980
1986
2942
1985
1981
1978
2909
1982
1986
1984
1986
1982
1981
1985
1985
1980
1984
1984
1981
1986
1979
1981
2801
2801
2941
2937
1990
1990
1981
1981
1983
1978
1982
1986
1982
1988
2915
2967
2967
1988
2966
2966
1982
1983
1981
1989
2500
2500
2500
2941
2941
2925
2925
3909
2871
1979
1980
1979
1983
1983
1984
1984
1985
1985
1976
1968
1983
1988
2916
1988
2500
2500
2500
1990
2963
2963
2963
1978
1989
2959
2959
2959
3878
1976
1988
2927
2927
2927
2927
2927
1980
1980
2901
1987
1984
1980
1990
1990
1983
1982
2918
2954
1983
2949
2949
2949
2949
2973
2973
2949
2949
2500
1983
1990
2965
2965
1985
2916
2916
2860
1985
1983
1987
2963
1987
1987
1988
1988
1987
1983
1983
1977
1976
1981
1987
2956
2956
1980
1980
1979
1983
1980
1986
2500
2941
1983
1984
1984
1982
1983
2948
2948
2948
2928
1983
2919
1983
1981
1980
1985
1985
1989
1989
1983
3960
2913
1977
1983
1984
1984
1984
1984
1984
1980
1985
1986
1988
2933
2933
1986
2937
1987
1983
1977
1982
1983
1985
2956
2956
1983
1985
2815
2937
2883
2883
2913
2913
2913
2939
1979
1990
2930
1981
1981
1981
1982
1982
1985
1984
1985
1985
1982
1984
1985
2937
2824
2824
2824
1985
1984
1985
1985
1985
1987
1987
2948
2948
1985
1985
1990
1982
1982
2958
1983
1983
1983
1983
1980
2955
2955
1987
2965
2965
1987
1987
2951
2951
1985
1986
1988
2949
1989
1990
1990
2848
1987
1984
1986
1987
2947
2947
1984
1987
1987
1987
2944
2944
1986
1991
1985
1985
1986
1985
1983
1983
1983
1987
2894
2894
1985
1986
2876
2876
2876
2959
2959
2959
1987
1987
2936
2936
1986
1981
1982
1979
1979
1981
2951
2951
2951
2916
2916
2916
2916
1983
1988
1988
2971
2971
1986
1979
1983
1985
1983
2976
1986
1979
1979
1974
1986
1986
1978
1980
1980
1983
1983
1984
1983
1983
1980
1983
2968
2968
1981
1974
1972
1983
1983
1979
1984
2900
1979
1985
1985
1979
1979
1986
1986
1986
2962
2962
1988
1987
1987
1986
1980
1980
1982
1979
1983
1981
2500
1981
1985
1985
1988
1979
2938
1985
2953
2953
1983
1988
1988
2856
2856
2856
2500
2500
2500
1980
1981
2914
2914
1989
3608
2922
2915
1988
1988
1988
1984
2940
2940
1989
1989
1982
1988
2926
2926
2926
1983
1983
2967
2967
2967
2967
2967
1985
2938
2938
2932
2870
2870
2870
1970
1986
2953
2952
2936
1985
1988
1985
1985
1985
1986
2952
2952
1986
1986
1986
1988
1988
1988
1988
1982
1985
2964
2719
2719
2959
2959
2959
2892
2964
1989
1981
1985
2950
2950
2950
2950
2970
2857
2857
2857
2857
2857
1988
2941
1986
1984
2907
2925
1983
1980
2856
2856
2856
1980
1982
2963
2963
2909
1983
2955
1990
1990
2954
2954
2928
2928
2928
2928
1980
1983
2971
2965
2965
2892
2948
1987
1987
2967
1984
1980
1985
1985
1984
1980
1983
1987
2941
2941
2941
2943
1980
1975
1979
2951
2951
2960
2951
2951
1979
1979
1981
2921
2921
1978
2938
2938
1982
1982
2902
2902
2960
2960
1984
1984
1980
1982
1978
1981
1980
1988
1988
1983
1983
1979
1985
1979
1979
2967
1982
1982
2943
1981
1986
1982
1987
1988
1988
1985
1983
1983
2921
1985
1987
1983
1986
1986
1986
1986
1986
1986
1986
1989
1981
2950
1988
1988
1985
1987
1987
1984
1983
1983
1981
1982
1986
1988
1983
1981
1982
1985
1985
2952
2952
1983
2930
1985
1983
2946
2946
1987
1987
1987
1982
1982
1983
1980
1980
1986
2949
1987
2947
2947
1979
2857
1978
1983
2898
2898
2898
2898
2962
2962
2910
1981
2961
2961
2920
2961
2961
2768
1976
1984
1981
2951
2951
2951
2951
1982
1982
3890
1979
1981
1983
1983
1985
1981
1987
1975
1988
1988
2500
2922
2888
1975
1987
1984
1987
2954
1983
1977
1978
1983
1983
1985
2942
2942
1985
1994
2953
2953
2951
1983
1981
2969
2969
1982
1982
2967
2946
1981
1981
1984
1982
1987
1982
1979
2932
1987
1987
2893
1984
1984
1987
2889
2737
1985
2923
1984
1984
1981
2927
2938
2919
2919
1986
2916
2916
2952
2952
2924
1989
1989
2970
2970
2970
2970
2970
1986
2961
1990
3955
3955
1991
1984
1986
1985
1981
1991
1987
1985
1988
2907
1990
1990
2961
1986
1985
1986
2960
2978
2928
2947
2954
2954
2954
1982
2946
2946
1985
1987
1987
2954
2954
2954
2954
2934
2934
2934
2934
1986
1984
1986
1980
2909
3840
2909
2909
2909
1973
2967
2967
2967
1985
1982
2926
2937
1983
1983
1983
1983
1983
1987
1987
1983
1975
1980
2929
2929
1984
1983
1980
2970
2970
2968
2968
2968
2926
2926
1988
1985
1985
1985
2886
2933
2913
2913
2938
1983
1983
1984
1981
1981
1981
2931
1981
1987
1985
2916
1985
1985
2923
2924
2924
2924
2952
1983
1983
1983
1983
1983
1983
2964
2964
2964
1981
1981
1981
2958
1981
1985
1982
1982
1982
1979
1981
1981
1981
1984
1984
1984
1984
1982
1981
1988
1984
1984
1984
1985
1983
1984
1984
2927
2962
2962
2962
2931
1986
2962
1982
1989
1989
2911
2911
2911
2911
1985
1986
1980
1979
1977
1983
1981
1981
2936
1986
1986
2887
1988
1988
1978
1983
1983
1983
1981
1988
1988
1988
2879
1981
1981
1983
1983
2862
2862
1988
1979
1984
1985
2928
2974
1981
2747
2747
2747
1984
1984
2930
1981
1984
1984
1988
1988
2877
1985
1988
1982
1982
1984
1984
1983
1983
1988
1979
1979
1981
1983
2958
1983
1983
1985
1985
2961
1978
1983
1977
1982
1981
1981
2961
2961
2752
2752
2879
2879
2909
2879
2879
1987
1987
2955
2912
2936
2936
2936
1982
2896
1983
2892
1983
2928
2748
2748
2748
1986
1981
1981
1986
1978
1980
1983
2927
1982
1982
1981
1981
2953
2949
2889
2932
2889
2889
2889
1984
1984
1984
1975
1979
1975
1990
1986
1983
1982
1982
2911
2911
2911
2911
1984
1984
1984
1985
1983
1981
2945
1977
1986
2920
1975
1975
2964
2756
1984
2922
2922
1984
1983
1982
2942
1983
1982
1982
1979
1979
2951
2855
2855
2855
2855
2870
1984
1984
1985
1978
1980
1980
2899
1987
1985
1985
1978
1978
1978
1990
2937
1990
1990
1980
1978
1980
1989
2907
2908
2944
2944
2974
2974
2974
1980
1978
1984
1985
1983
1989
1987
1986
1986
1986
1986
1978
1985
1985
2906
1984
1984
1979
1982
1979
1985
1981
1974
1984
1986
1982
1984
1984
1984
2945
2945
2945
1979
1981
1986
2794
3728
1986
1986
1982
2899
1980
1980
2958
2958
2958
2958
1984
1983
1983
1987
2928
2956
1983
1985
2930
1982
2500
1984
1984
1984
3856
1984
1984
2500
2857
2500
2500
2500
1985
1986
1988
3902
3902
3902
3902
2834
2958
2923
2834
2834
1982
1984
2968
1989
1989
1989
2954
1987
2841
2930
2930
2930
1987
1985
1983
1986
2947
1988
2971
1975
1983
1983
1981
1980
1980
1982
1980
1987
1987
2816
1980
2858
2858
2858
2858
2858
2858
2858
1985
2953
2953
1983
1983
1983
1981
1981
1988
1986
1988
1989
1989
1989
2963
2963
2500
2500
2888
2540
2540
1984
1983
1986
1986
1984
1984
2799
2799
1986
2815
2795
1982
1980
1974
1987
1982
1984
1987
1987
1984
1983
1979
2966
1987
1986
2973
2973
1982
1982
1978
1978
1979
2500
1987
1987
2978
2978
1987
1987
1987
1987
1987
1987
1987
1987
1981
1982
2924
2924
2924
1982
1982
1986
1978
2968
1981
1981
1980
1982
1986
1986
2963
2963
1983
1983
2944
2944
3775
3775
3815
1985
2918
1984
1984
1988
2833
2833
2833
2833
3943
1986
1986
1980
1980
1982
1988
1988
1981
1981
1981
1980
1975
1976
1985
2923
2923
2923
2923
1987
1983
1985
1978
1985
1981
1983
1984
1984
2923
2933
2938
2938
2925
2925
2928
2928
2928
2908
2943
1984
1985
1983
1985
1988
1985
1981
1985
1987
1987
1987
1987
1990
1990
1990
1980
2953
2953
2953
1983
1978
1984
1986
1984
1982
2908
1984
1984
2868
2867
2867
2867
1987
1981
1985
1985
1982
1985
1985
2943
2943
2943
1984
2960
2960
2960
2960
1986
1986
1986
1986
1986
1984
1984
1987
1986
1980
1988
1990
2959
2937
2936
2936
1988
1983
1983
1983
1993
2858
2858
1985
1985
1990
1990
1986
1985
1985
1983
1987
1988
1988
3827
1984
1979
2888
1990
3941
2966
1984
2973
2973
2973
2973
2958
1980
1980
1981
1984
1983
2900
1986
1978
1983
2904
1981
1986
1981
1982
1979
1981
1989
1980
2952
2952
2952
1983
1984
1983
1977
1985
2969
1984
1987
1986
1987
1987
1981
1984
1980
1983
1980
1985
1985
2949
2966
2949
2949
2949
2972
1987
2888
2888
2953
1980
3883
2952
1986
1975
1983
1983
1979
1983
2914
1978
1976
1983
1986
1985
1985
1981
1981
1986
1986
1979
2948
1982
2912
1980
1980
2952
2944
2944
2898
2898
1983
2904
1983
1985
1988
1988
1988
1987
2961
2938
2938
2951
1984
2950
1984
2909
2909
1982
1981
2921
2959
1987
1987
1985
1985
1984
1981
1984
1984
1987
1987
2952
2952
3938
2929
2929
2969
2969
1989
1981
1980
2574
2574
2574
1985
1985
1988
1988
2961
2966
1987
1985
2961
2961
1981
1989
1983
2518
2518
1983
1982
1983
1985
1985
2902
2902
2902
1989
1990
2950
1987
1984
1986
1982
1984
1984
1979
2975
2966
2825
1986
1986
1986
2945
1984
1984
1981
1988
1988
1987
1984
1985
1983
2932
2932
2932
1983
2933
1980
1980
1986
1983
1980
1982
2924
2939
2924
1987
1983
1987
1987
2970
2970
2970
1986
1978
1986
1989
2952
1984
1978
1985
1985
1981
1980
2957
1988
1988
2944
2811
2811
1981
1981
1983
1989
1983
1982
1985
2906
1987
1987
1980
1987
1987
1987
1982
2901
2838
1983
1985
1985
1985
1985
1987
1983
2943
1984
1984
1984
1983
1983
2848
2850
1978
2811
2811
1987
1987
1986
2930
2921
1986
1986
3813
1983
3836
3836
1983
2961
1984
1984
1987
2902
2902
1986
1982
1985
1985
1984
2954
1983
2922
1983
1983
1987
1987
1983
1983
1983
1984
1981
2812
1987
1983
1982
1983
1977
1988
1988
1979
1978
2966
2966
2960
2960
2968
1986
2953
2936
1987
1987
1987
1981
1981
3891
3891
3891
1978
1983
1978
1989
2868
1984
1981
2846
1979
1982
1982
1982
2973
2500
1986
1991
1983
1987
1986
1986
1986
1985
2961
2961
1986
1986
1987
2500
2500
1986
1984
1985
1985
1985
1979
2968
1985
1985
1986
2961
2946
1985
1985
2937
1989
2973
1992
1986
2500
2975
2975
2975
2975
2975
1987
2963
1986
1987
1987
1987
1980
1984
1987
1987
3908
3908
1984
1984
1978
1978
1978
1986
1982
1985
2947
2947
1986
1984
1984
1984
1975
1978
1981
2865
2865
1987
2958
1987
1987
1981
1981
1982
1988
1988
1988
1988
1988
2964
2966
1989
2935
2935
2935
2935
1981
1981
1982
1987
1986
1986
1980
2919
2968
2965
1978
1981
1981
2958
1984
1984
1984
1986
1986
1983
2928
2928
2928
2968
1987
1979
1982
1985
1984
2867
1978
1984
1982
1982
1982
2884
2967
1984
1984
1984
1983
1987
1983
1984
1979
2944
2944
2944
1984
2879
2879
1984
1989
1989
1989
1989
1987
1984
2889
1988
2933
1989
2952
1986
1985
1981
1983
1983
1984
1986
1977
1980
1985
1986
1982
1984
1984
2892
1986
1986
2955
1985
2954
2954
1977
1979
1984
1984
1987
2963
2963
1981
1980
1985
1982
1984
1984
1986
2861
1976
2781
2781
2722
2722
2722
4845
