-7
-3
-3
-3
-1
-1
0
0
0
0
500
500
962
963
961
959
920
250
962
500
666
909
958
960
947
930
500
971
965
973
963
977
965
976
977
976
981
967
981
975
974
976
991
977
980
983
985
979
980
986
981
981
980
980
977
980
979
974
977
957
975
957
962
972
974
976
983
977
973
981
974
979
980
987
986
974
974
968
960
972
967
964
949
981
975
974
957
500
957
960
976
973
978
979
969
983
973
964
957
976
979
974
972
960
965
963
975
975
966
959
968
969
975
975
972
966
961
974
970
975
971
971
967
973
973
967
983
979
981
982
965
968
970
975
967
961
953
975
975
966
970
970
969
976
978
974
980
978
979
983
978
976
979
975
983
973
973
967
976
978
973
962
974
953
967
500
957
978
973
971
957
965
970
983
961
965
977
967
967
956
971
968
952
954
963
964
973
972
977
980
978
972
976
981
989
984
979
986
986
978
973
980
966
978
980
962
945
966
973
974
954
961
973
977
960
952
954
977
975
972
972
983
981
970
978
965
975
981
960
967
976
970
970
959
971
972
968
972
969
974
975
979
982
970
977
983
978
973
971
959
966
959
971
980
968
500
966
962
966
968
977
954
500
985
957
961
961
960
968
963
976
969
984
976
966
967
970
954
960
977
948
979
965
967
970
967
952
977
978
968
945
981
967
973
966
960
972
971
967
979
969
962
985
968
970
982
973
970
980
978
964
898
954
964
962
972
979
975
670
962
955
928
500
721
971
975
970
970
962
978
968
963
963
710
958
964
966
972
968
972
966
686
971
892
500
500
949
964
969
962
959
955
960
960
968
946
970
960
948
948
959
966
963
968
965
973
972
967
968
970
963
966
970
953
954
968
963
960
976
981
960
974
969
981
978
977
965
960
971
962
967
975
976
968
964
968
974
977
973
969
975
969
955
973
973
960
973
963
978
975
981
973
981
975
970
951
971
965
949
977
961
945
964
932
977
984
983
983
977
973
987
979
969
981
967
967
961
975
966
965
976
972
968
969
971
980
977
975
979
982
982
982
984
984
984
977
988
975
976
975
979
980
980
974
983
980
986
982
978
968
967
963
979
981
979
967
973
955
975
976
980
969
966
975
956
965
968
975
970
974
963
970
970
970
974
971
966
971
974
974
973
973
973
972
941
970
973
983
981
978
969
965
976
981
986
987
973
975
981
982
981
967
974
976
975
982
974
986
986
978
973
980
963
983
991
986
955
982
993
982
978
981
988
987
982
984
980
981
978
983
986
986
979
978
968
971
978
976
989
982
980
969
984
980
978
971
954
978
974
977
993
982
985
978
986
975
969
957
932
964
937
977
979
970
982
984
977
987
987
989
992
992
997
985
978
992
980
979
985
1925
987
981
994
994
991
991
986
983
997
983
980
985
981
981
990
988
983
986
987
974
976
974
978
982
973
982
987
983
979
982
988
992
988
983
980
992
980
974
975
978
973
959
959
966
977
969
968
965
951
981
967
975
976
971
972
982
977
984
963
965
975
975
980
983
982
985
977
977
975
974
970
974
982
971
986
983
985
978
968
967
969
982
981
977
981
973
974
975
970
942
968
977
980
978
979
975
976
978
974
986
975
978
976
979
987
980
981
971
978
977
979
967
976
974
982
978
969
974
977
974
972
969
980
980
980
975
974
981
971
988
990
983
986
988
976
975
979
981
974
981
982
975
980
974
968
978
973
977
987
976
983
970
972
951
973
982
989
973
977
979
986
985
983
993
973
976
974
982
980
975
982
977
978
983
981
986
976
976
972
976
970
978
980
977
981
983
984
979
994
981
956
980
989
988
985
974
971
986
983
970
965
977
978
973
973
717
950
977
979
985
982
984
987
988
986
971
985
975
964
984
981
949
963
972
974
980
977
984
982
981
972
976
982
983
973
982
978
967
969
968
971
966
964
978
978
970
969
972
985
968
972
981
979
977
976
973
969
972
967
978
977
971
970
970
965
972
981
968
982
978
983
975
968
972
965
956
957
969
964
966
977
985
985
984
983
975
966
964
977
974
977
978
982
977
970
930
979
977
971
975
983
977
987
982
960
917
961
971
975
972
976
980
982
971
973
975
983
982
975
972
972
967
970
979
985
961
968
983
974
982
979
985
984
967
976
979
985
984
985
979
966
974
974
965
971
970
975
969
979
972
969
972
976
982
972
980
984
981
981
976
980
993
980
983
978
991
971
967
977
982
990
973
975
969
972
967
972
963
966
985
974
965
982
976
978
982
981
983
990
989
982
980
972
965
944
500
959
961
974
966
976
986
982
977
980
969
980
961
965
966
974
947
970
972
977
979
973
968
685
946
965
965
971
977
973
970
969
967
980
978
976
981
946
966
944
970
982
982
976
978
977
989
973
962
500
954
955
961
978
987
975
980
988
969
969
976
976
500
957
964
970
966
975
969
974
966
957
974
968
966
980
976
979
977
972
973
971
970
961
973
971
975
973
959
950
500
925
941
954
958
968
962
915
951
914
960
-1
-1
648
959
952
960
961
962
965
940
945
500
955
940
972
966
958
967
968
500
983
983
957
977
977
973
975
979
987
983
977
976
981
981
950
964
984
972
972
979
977
975
964
964
959
964
965
977
978
978
979
972
973
966
982
978
978
980
982
964
973
981
979
980
989
992
993
983
980
973
950
964
967
967
976
977
976
943
961
963
967
959
965
967
971
977
971
968
970
970
958
971
968
961
965
974
978
973
967
978
979
935
946
966
978
974
955
973
972
972
974
977
978
978
982
978
975
973
982
972
976
967
975
979
973
964
971
979
979
983
986
989
976
992
989
986
982
975
972
962
977
500
958
966
965
963
960
979
957
947
972
967
953
951
972
979
975
973
977
975
977
981
981
979
965
965
966
950
969
971
969
982
966
969
977
972
980
981
984
984
981
973
986
980
960
967
960
976
978
967
976
985
968
500
957
962
963
976
968
979
975
983
986
980
979
978
980
972
984
975
500
939
957
976
980
972
988
974
974
986
988
982
980
970
968
970
977
970
982
984
987
984
972
978
986
985
989
977
986
991
988
977
982
989
992
988
985
982
978
981
983
987
989
990
978
984
990
982
973
985
989
989
979
970
982
983
957
975
977
983
981
970
980
977
976
979
973
971
971
987
976
977
983
974
974
975
979
975
989
976
979
985
982
993
977
974
996
978
985
963
965
966
972
978
979
977
969
976
976
985
978
972
976
968
973
962
975
977
970
964
964
985
977
966
965
965
967
966
962
955
960
973
978
978
976
977
977
972
970
952
960
940
962
971
958
976
981
975
978
978
974
937
965
965
979
956
966
968
974
970
967
966
967
966
971
968
977
950
967
969
977
979
980
964
968
972
978
979
677
982
977
970
978
972
958
953
965
967
976
978
980
981
972
965
967
977
975
968
958
715
964
973
970
976
949
967
966
971
974
983
976
961
971
981
978
967
977
965
958
969
982
980
969
976
976
978
985
982
981
984
986
972
978
982
982
978
970
969
969
968
923
962
968
971
972
965
966
968
970
977
958
972
970
976
976
980
974
977
985
974
984
961
969
974
980
970
978
960
960
965
959
974
967
967
971
957
968
958
975
974
983
961
972
979
977
966
968
500
957
966
960
951
970
970
968
967
965
968
969
959
973
974
965
969
961
974
980
975
983
976
979
981
954
966
971
983
976
972
940
963
992
985
977
971
973
972
970
961
971
972
962
974
978
983
983
987
980
989
990
987
975
954
977
975
969
978
982
972
990
989
987
985
976
965
972
979
980
984
979
960
971
976
972
975
967
978
980
971
979
964
500
712
979
976
985
984
982
972
981
983
980
983
977
978
979
974
976
979
986
982
978
978
972
970
966
966
953
950
968
981
966
956
688
973
974
978
959
964
964
957
972
975
958
984
981
983
977
966
978
975
967
250
500
967
963
971
962
966
974
970
969
985
984
977
979
981
977
969
980
973
964
972
977
976
971
964
979
976
966
978
964
975
970
978
988
991
988
987
984
973
981
985
972
978
981
980
973
966
973
966
954
953
967
965
966
967
966
976
972
980
974
970
973
963
974
969
973
977
983
984
981
987
990
976
979
975
972
983
978
982
978
977
978
952
957
966
971
978
966
960
967
973
981
984
976
976
973
970
969
986
974
984
978
988
988
974
975
982
973
970
986
982
985
976
981
977
971
970
971
971
975
969
968
956
952
966
978
982
980
965
981
980
987
981
989
973
965
970
973
980
979
984
983
981
981
982
979
991
989
987
973
963
979
982
982
978
981
983
983
974
976
978
983
980
984
977
963
972
967
972
982
982
983
984
978
983
975
976
954
974
976
968
978
973
978
977
969
975
985
979
976
982
968
981
980
980
983
973
987
982
985
986
983
976
972
984
975
982
967
968
979
984
986
980
984
985
988
970
980
979
975
711
972
976
983
972
972
984
965
974
969
970
980
973
970
971
971
971
971
972
975
972
978
982
982
995
973
977
984
989
981
978
977
970
976
967
971
962
967
973
969
978
974
974
979
979
967
979
978
983
961
973
978
980
722
978
979
964
960
935
500
972
985
984
988
983
987
980
981
975
977
982
977
970
984
979
982
980
972
971
977
979
971
967
971
968
970
970
969
982
978
975
973
976
981
976
975
972
972
969
975
974
980
969
979
969
977
979
986
909
971
975
978
979
976
981
971
971
968
978
971
974
951
969
966
973
971
970
973
974
976
981
976
957
976
978
978
985
973
970
972
977
979
970
973
974
978
981
970
973
979
972
977
978
977
974
981
992
988
995
994
992
991
984
994
969
967
980
992
993
988
985
984
987
990
987
991
987
973
964
973
970
964
964
702
960
970
979
978
972
984
982
973
984
965
969
964
963
976
975
970
969
970
500
500
971
969
967
969
966
967
971
969
987
982
985
987
983
977
979
979
980
981
972
981
974
973
972
979
972
961
956
968
974
968
978
972
971
981
980
984
990
973
973
973
967
974
989
980
969
974
976
979
987
985
974
967
962
974
978
976
983
980
985
972
984
983
967
982
978
976
979
964
964
980
968
972
975
974
980
982
976
982
964
959
958
957
960
959
963
968
964
0
960
965
500
979
964
970
936
500
975
969
978
977
959
883
954
972
966
971
977
983
978
976
970
975
978
974
968
968
951
970
979
974
973
977
966
980
969
965
976
977
978
968
950
962
987
975
975
963
978
974
973
966
954
873
967
979
955
952
951
967
969
969
973
958
979
986
967
964
971
984
974
978
991
983
985
992
983
984
973
977
970
987
980
963
978
965
975
979
980
980
969
971
977
977
976
972
974
968
987
988
982
978
987
984
984
986
965
976
929
979
974
983
988
988
979
982
982
979
979
980
974
969
920
976
976
903
968
500
956
957
971
959
975
971
968
903
969
978
977
971
978
967
974
974
968
968
970
974
965
966
956
973
976
985
972
975
972
974
958
968
976
985
984
975
975
980
983
975
978
967
971
972
976
986
989
980
978
981
980
980
972
973
964
975
933
981
970
959
952
962
960
977
672
979
964
962
975
985
978
979
976
964
939
968
973
978
981
981
981
980
981
982
982
989
983
972
974
951
962
970
977
983
987
976
982
962
971
984
966
964
968
975
981
983
964
973
972
965
981
971
969
936
974
975
975
974
985
970
970
986
989
975
989
984
974
959
980
982
985
980
988
979
975
972
975
982
976
971
967
965
961
961
965
974
967
982
974
965
963
961
982
977
974
976
979
970
984
974
971
974
971
981
982
977
981
987
984
977
978
979
964
977
981
981
961
979
981
976
981
979
983
989
982
981
972
978
986
986
985
976
951
964
971
978
979
977
975
965
972
969
973
974
960
967
961
953
957
969
969
968
968
977
975
965
968
978
987
979
973
975
986
981
979
985
950
976
980
974
982
990
978
949
964
978
957
970
970
975
973
964
972
959
768
971
949
978
969
963
981
975
974
986
980
980
973
962
962
979
968
978
948
956
954
898
945
805
954
719
915
500
973
968
972
973
976
984
988
982
984
976
971
977
981
981
972
976
977
972
941
972
958
974
975
984
976
981
978
977
970
977
971
979
976
982
969
969
979
980
976
976
976
975
978
968
951
975
968
952
969
966
971
980
972
951
979
976
972
975
979
973
987
976
976
964
968
980
966
949
947
957
971
985
985
985
979
970
974
979
974
933
969
947
965
969
964
975
964
973
980
980
974
969
688
950
971
965
969
956
942
965
979
978
977
975
980
974
979
975
695
956
500
888
961
973
981
980
977
978
979
977
972
968
959
969
972
970
969
963
500
967
973
971
970
977
978
985
975
976
980
977
977
978
977
966
971
966
971
972
968
967
960
964
969
977
974
972
960
962
964
969
977
981
971
983
991
987
994
981
971
975
967
973
969
962
977
982
977
977
970
985
982
989
982
986
974
980
974
970
968
971
973
973
978
980
969
976
970
972
972
982
981
972
961
956
968
968
941
957
701
956
968
963
976
972
956
960
961
966
966
973
974
984
986
977
960
957
500
922
967
973
975
980
976
966
965
950
964
974
974
976
969
979
976
980
985
983
964
970
979
981
981
977
974
981
984
979
983
981
984
977
979
972
971
983
972
972
977
968
973
980
977
984
970
966
972
974
968
923
966
980
986
977
960
960
975
981
972
967
960
968
980
980
971
961
969
968
500
924
953
946
960
977
982
975
970
972
979
979
974
974
973
973
986
979
970
970
973
978
972
980
984
979
974
978
976
979
989
982
985
976
970
965
971
946
922
979
975
979
978
970
963
954
971
970
926
966
961
954
968
978
984
984
986
971
974
976
974
972
932
975
500
949
969
969
984
984
977
963
966
975
981
969
977
979
986
981
970
976
971
948
946
968
974
952
971
968
976
967
973
964
972
970
970
966
979
979
984
982
980
977
973
963
969
978
974
980
983
982
974
973
973
977
974
943
964
979
972
983
981
984
966
959
970
970
982
969
978
977
981
974
967
962
974
970
967
964
978
974
975
981
983
978
982
979
978
972
958
969
966
965
967
967
968
959
981
966
971
964
967
971
970
969
964
970
976
975
976
967
709
977
978
981
975
965
977
962
965
968
970
962
967
953
956
951
952
969
968
968
981
981
669
696
919
749
964
976
989
985
977
973
963
982
986
983
981
971
953
965
970
970
978
979
979
974
974
975
978
969
969
977
951
968
989
980
977
500
967
977
973
977
987
985
974
971
974
974
942
965
965
500
973
983
979
974
975
975
977
975
975
969
967
972
969
965
976
975
974
986
986
946
961
976
957
967
978
963
973
958
971
961
973
977
982
976
963
971
969
965
980
980
977
960
968
977
977
981
986
977
977
974
981
975
974
971
978
969
975
979
968
985
975
975
973
977
975
958
972
971
962
973
970
977
974
968
968
970
972
942
964
960
949
963
956
971
947
965
977
968
975
976
983
978
976
978
971
966
975
978
980
967
974
973
972
500
500
975
967
979
970
977
974
977
950
964
969
971
978
979
968
972
977
973
970
975
960
957
965
971
973
959
963
952
957
978
973
974
974
981
975
989
983
978
979
984
986
969
972
987
981
989
983
991
987
990
990
987
989
982
984
979
983
949
929
950
960
952
980
968
958
967
961
990
974
989
975
972
976
981
976
973
966
982
975
958
970
982
984
964
982
979
980
977
969
982
987
975
964
962
963
963
972
967
956
951
948
967
957
967
974
981
972
975
971
973
972
971
972
974
975
971
971
977
957
962
970
973
973
969
979
965
974
972
963
967
972
971
971
980
980
977
976
973
981
984
991
991
983
969
977
987
971
979
969
967
966
958
959
500
963
972
711
966
963
970
972
974
983
981
979
968
955
970
974
971
978
979
980
982
983
983
976
974
972
974
982
975
989
997
979
982
982
979
966
975
971
959
976
978
974
966
967
960
967
980
965
976
908
983
991
983
971
982
952
952
971
960
960
966
952
951
955
975
954
956
961
970
968
979
983
977
977
970
978
982
966
971
957
952
963
867
974
953
957
912
972
965
964
959
978
971
971
976
977
969
977
975
974
958
974
965
977
975
976
975
970
976
966
964
968
975
975
978
981
981
966
968
969
953
967
968
958
952
878
957
968
970
965
976
944
970
976
986
987
976
977
981
973
981
978
975
983
960
982
986
983
976
968
974
988
975
975
974
970
974
968
968
984
991
982
988
991
969
996
1247
984
981
977
977
975
974
974
967
966
970
973
965
953
965
969
970
984
966
969
981
978
984
975
984
987
946
971
973
974
968
975
969
970
972
977
979
982
986
976
973
975
954
940
968
976
965
977
980
982
975
975
979
988
970
986
979
983
968
981
989
976
979
980
980
981
985
984
964
971
972
978
980
982
977
973
981
992
957
982
973
975
973
977
973
970
984
967
966
969
964
970
960
960
969
975
972
976
970
957
978
977
977
978
972
974
968
972
984
985
973
973
978
952
980
968
976
979
966
964
973
942
958
974
977
975
950
945
976
974
983
982
973
977
982
973
987
985
962
974
977
987
988
992
974
971
972
972
967
967
960
964
966
961
976
978
953
962
960
961
960
961
966
965
974
973
969
976
973
972
983
972
970
980
979
686
937
972
969
970
961
973
978
963
962
981
970
980
977
982
982
962
984
984
971
973
971
975
964
955
966
976
974
977
951
925
962
500
500
942
500
929
976
969
975
975
973
980
978
983
979
954
966
971
979
978
978
976
977
980
985
984
983
991
988
983
983
978
966
982
976
969
968
971
962
974
991
988
982
984
973
969
981
982
974
967
979
984
964
969
870
947
972
988
988
977
975
980
971
946
913
973
970
964
979
968
963
960
973
971
973
963
974
975
975
950
961
969
970
962
980
972
957
973
979
979
974
973
981
982
981
984
977
941
973
978
978
975
968
977
977
978
972
977
985
979
969
962
974
972
974
968
967
964
969
938
975
968
959
974
975
988
979
961
974
968
959
975
975
970
728
963
968
956
982
960
944
957
963
975
977
959
960
980
987
972
971
970
973
964
979
971
966
968
971
960
956
962
961
966
973
961
973
968
973
974
974
977
972
962
972
975
980
969
968
976
973
970
975
982
972
984
970
974
974
971
978
984
978
986
980
981
989
968
961
971
979
980
979
971
977
979
977
986
968
979
970
974
967
967
957
979
973
